NASA-SC(2)-0612
1.00000 -0.00670
0.99000 -0.00410
0.98000 -0.00160
0.97000 0.00080
0.96000 0.00310
0.95000 0.00530
0.94000 0.00750
0.93000 0.00960
0.92000 0.01170
0.91000 0.01370
0.90000 0.01570
0.89000 0.01760
0.88000 0.01950
0.87000 0.02130
0.86000 0.02310
0.85000 0.02480
0.84000 0.02650
0.83000 0.02810
0.82000 0.02970
0.81000 0.03130
0.80000 0.03280
0.79000 0.03430
0.78000 0.03570
0.77000 0.03710
0.76000 0.03840
0.75000 0.03970
0.74000 0.04100
0.73000 0.04220
0.72000 0.04340
0.71000 0.04450
0.70000 0.04560
0.69000 0.04660
0.68000 0.04760
0.67000 0.04860
0.66000 0.04950
0.65000 0.05040
0.64000 0.05120
0.63000 0.05200
0.62000 0.05270
0.61000 0.05340
0.60000 0.05410
0.59000 0.05470
0.58000 0.05530
0.57000 0.05580
0.56000 0.05630
0.55000 0.05680
0.54000 0.05720
0.53000 0.05760
0.52000 0.05800
0.51000 0.05830
0.50000 0.05860
0.49000 0.05890
0.48000 0.05920
0.47000 0.05940
0.46000 0.05960
0.45000 0.05980
0.44000 0.05990
0.43000 0.06000
0.42000 0.06010
0.41000 0.06020
0.40000 0.06020
0.39000 0.06020
0.38000 0.06020
0.37000 0.06020
0.36000 0.06010
0.35000 0.06000
0.34000 0.05990
0.33000 0.05970
0.32000 0.05950
0.31000 0.05930
0.30000 0.05910
0.29000 0.05880
0.28000 0.05850
0.27000 0.05810
0.26000 0.05770
0.25000 0.05730
0.24000 0.05680
0.23000 0.05630
0.22000 0.05570
0.21000 0.05510
0.20000 0.05450
0.19000 0.05380
0.18000 0.05310
0.17000 0.05230
0.16000 0.05140
0.15000 0.05050
0.14000 0.04950
0.13000 0.04840
0.12000 0.04720
0.11000 0.04600
0.10000 0.04470
0.09000 0.04320
0.08000 0.04160
0.07000 0.03980
0.06000 0.03780
0.05000 0.03550
0.04000 0.03290
0.03000 0.02960
0.02000 0.02520
0.01000 0.01900
0.00500 0.01410
0.00200 0.00920
0.00000 0.00000
0.00200 -0.00920
0.00500 -0.01410
0.01000 -0.01900
0.02000 -0.02520
0.03000 -0.02960
0.04000 -0.03290
0.05000 -0.03550
0.06000 -0.03780
0.07000 -0.03980
0.08000 -0.04160
0.09000 -0.04320
0.10000 -0.04470
0.11000 -0.04600
0.12000 -0.04730
0.13000 -0.04850
0.14000 -0.04960
0.15000 -0.05060
0.16000 -0.05150
0.17000 -0.05240
0.18000 -0.05320
0.19000 -0.05400
0.20000 -0.05470
0.21000 -0.05540
0.22000 -0.05600
0.23000 -0.05650
0.24000 -0.05700
0.25000 -0.05750
0.26000 -0.05790
0.27000 -0.05830
0.28000 -0.05860
0.29000 -0.05890
0.30000 -0.05920
0.31000 -0.05940
0.32000 -0.05950
0.33000 -0.05960
0.34000 -0.05970
0.35000 -0.05980
0.36000 -0.05980
0.37000 -0.05980
0.38000 -0.05980
0.39000 -0.05970
0.40000 -0.05960
0.41000 -0.05940
0.42000 -0.05920
0.43000 -0.05890
0.44000 -0.05860
0.45000 -0.05820
0.46000 -0.05780
0.47000 -0.05730
0.48000 -0.05670
0.49000 -0.05610
0.50000 -0.05540
0.51000 -0.05460
0.52000 -0.05380
0.53000 -0.05290
0.54000 -0.05190
0.55000 -0.05090
0.56000 -0.04970
0.57000 -0.04850
0.58000 -0.04720
0.59000 -0.04580
0.60000 -0.04440
0.61000 -0.04290
0.62000 -0.04140
0.63000 -0.03980
0.64000 -0.03820
0.65000 -0.03650
0.66000 -0.03480
0.67000 -0.03300
0.68000 -0.03120
0.69000 -0.02940
0.70000 -0.02760
0.71000 -0.02580
0.72000 -0.02400
0.73000 -0.02220
0.74000 -0.02040
0.75000 -0.01860
0.76000 -0.01680
0.77000 -0.01500
0.78000 -0.01330
0.79000 -0.01170
0.80000 -0.01020
0.81000 -0.00870
0.82000 -0.00730
0.83000 -0.00600
0.84000 -0.00480
0.85000 -0.00370
0.86000 -0.00280
0.87000 -0.00210
0.88000 -0.00160
0.89000 -0.00120
0.90000 -0.00100
0.91000 -0.00100
0.92000 -0.00130
0.93000 -0.00180
0.94000 -0.00250
0.95000 -0.00350
0.96000 -0.00480
0.97000 -0.00630
0.98000 -0.00810
0.99000 -0.01020
1.00000 -0.01250