     1.000000   -0.001963
     0.994003   -0.000614
     0.983331    0.001839
     0.970587    0.004825
     0.956078    0.008254
     0.940412    0.011974
     0.924120    0.015852
     0.907546    0.019786
     0.890854    0.023740
     0.874186    0.027673
     0.857571    0.031555
     0.841002    0.035379
     0.824471    0.039139
     0.807988    0.042828
     0.791545    0.046439
     0.775151    0.049964
     0.758810    0.053393
     0.742511    0.056719
     0.726257    0.059935
     0.710038    0.063035
     0.693856    0.066014
     0.677714    0.068862
     0.661606    0.071577
     0.645544    0.074152
     0.629552    0.076578
     0.613666    0.078831
     0.597857    0.080901
     0.582131    0.082776
     0.566418    0.084443
     0.550663    0.085920
     0.534858    0.087212
     0.518984    0.088324
     0.503035    0.089268
     0.487028    0.090050
     0.470984    0.090673
     0.454922    0.091138
     0.438845    0.091442
     0.422738    0.091588
     0.406624    0.091581
     0.390497    0.091415
     0.374344    0.091101
     0.358205    0.090637
     0.342071    0.090022
     0.325961    0.089258
     0.309886    0.088341
     0.293846    0.087269
     0.277865    0.086044
     0.261961    0.084654
     0.246126    0.083101
     0.230406    0.081380
     0.214814    0.079484
     0.199399    0.077408
     0.184165    0.075132
     0.169123    0.072650
     0.154307    0.069951
     0.139725    0.067027
     0.125440    0.063881
     0.111515    0.060521
     0.098095    0.056980
     0.085337    0.053290
     0.073439    0.049527
     0.062625    0.045783
     0.053043    0.042123
     0.044691    0.038566
     0.037481    0.035145
     0.031296    0.031883
     0.025991    0.028832
     0.021448    0.026027
     0.017559    0.023443
     0.014222    0.021041
     0.011355    0.018775
     0.008895    0.016600
     0.006792    0.014489
     0.005009    0.012420
     0.003520    0.010383
     0.002308    0.008369
     0.001359    0.006380
     0.000660    0.004422
     0.000212    0.002500
     0.000014    0.000633
     0.000044   -0.001203
     0.000291   -0.003068
     0.000772   -0.004956
     0.001523   -0.006835
     0.002569   -0.008669
     0.003918   -0.010430
     0.005579   -0.012088
     0.007574   -0.013608
     0.009920   -0.014973
     0.012629   -0.016226
     0.015731   -0.017431
     0.019304   -0.018624
     0.023465   -0.019853
     0.028377   -0.021172
     0.034272   -0.022656
     0.041419   -0.024380
     0.050069   -0.026373
     0.060375   -0.028611
     0.072239   -0.031019
     0.085290   -0.033449
     0.099196   -0.035761
     0.113803   -0.037911
     0.128978   -0.039925
     0.144490   -0.041806
     0.160140   -0.043531
     0.175831   -0.045076
     0.191545   -0.046431
     0.207279   -0.047593
     0.223035   -0.048564
     0.238821   -0.049343
     0.254644   -0.049936
     0.270492   -0.050346
     0.286355   -0.050575
     0.302216   -0.050624
     0.318061   -0.050489
     0.333902   -0.050166
     0.349749   -0.049655
     0.365611   -0.048959
     0.381496   -0.048083
     0.397384   -0.047032
     0.413251   -0.045812
     0.429058   -0.044425
     0.444751   -0.042868
     0.460312   -0.041120
     0.475791   -0.039166
     0.491184   -0.036997
     0.506628   -0.034561
     0.522357   -0.031866
     0.538385   -0.028965
     0.554707   -0.025901
     0.571275   -0.022720
     0.588012   -0.019475
     0.604759   -0.016228
     0.621358   -0.013039
     0.637721   -0.009962
     0.653845   -0.007039
     0.669743   -0.004298
     0.685464   -0.001764
     0.701047    0.000557
     0.716519    0.002652
     0.731911    0.004514
     0.747259    0.006137
     0.762586    0.007522
     0.777907    0.008669
     0.793221    0.009581
     0.808500    0.010259
     0.823702    0.010694
     0.838804    0.010872
     0.853812    0.010778
     0.868787    0.010386
     0.883877    0.009699
     0.899141    0.008763
     0.914389    0.007646
     0.929300    0.006319
     0.944050    0.004709
     0.958466    0.002962
     0.971915    0.001190
     0.983858   -0.000418
     0.994013   -0.001530
     1.000000   -0.001963
