     1.000000   -0.001957
     0.993441   -0.000375
     0.982147    0.002367
     0.969030    0.005585
     0.954184    0.009266
     0.937925    0.013339
     0.920643    0.017707
     0.902698    0.022271
     0.884349    0.026957
     0.865804    0.031695
     0.847215    0.036431
     0.828666    0.041134
     0.810204    0.045773
     0.791846    0.050331
     0.773592    0.054796
     0.755453    0.059150
     0.737417    0.063385
     0.719486    0.067490
     0.701662    0.071454
     0.683951    0.075264
     0.666361    0.078907
     0.648901    0.082374
     0.631610    0.085649
     0.614520    0.088699
     0.597599    0.091506
     0.580825    0.094055
     0.564114    0.096339
     0.547393    0.098375
     0.530646    0.100170
     0.513847    0.101729
     0.496996    0.103060
     0.480103    0.104163
     0.463152    0.105040
     0.446165    0.105695
     0.429126    0.106126
     0.412043    0.106343
     0.394935    0.106342
     0.377794    0.106132
     0.360659    0.105715
     0.343546    0.105087
     0.326466    0.104249
     0.309445    0.103200
     0.292488    0.101938
     0.275637    0.100466
     0.258909    0.098774
     0.242327    0.096867
     0.225947    0.094741
     0.209798    0.092396
     0.193944    0.089824
     0.178392    0.087013
     0.163201    0.083972
     0.148407    0.080697
     0.134087    0.077217
     0.120348    0.073557
     0.107305    0.069773
     0.095109    0.065919
     0.083850    0.062052
     0.073607    0.058243
     0.064403    0.054547
     0.056218    0.050995
     0.048979    0.047568
     0.042575    0.044265
     0.036909    0.041083
     0.031886    0.038020
     0.027414    0.035090
     0.023418    0.032312
     0.019845    0.029673
     0.016651    0.027152
     0.013797    0.024725
     0.011257    0.022364
     0.009011    0.020046
     0.007044    0.017752
     0.005342    0.015473
     0.003891    0.013205
     0.002684    0.010950
     0.001710    0.008711
     0.000959    0.006496
     0.000427    0.004312
     0.000110    0.002170
     0.000001    0.000079
     0.000083   -0.001996
     0.000357   -0.004111
     0.000836   -0.006244
     0.001552   -0.008375
     0.002528   -0.010477
     0.003776   -0.012526
     0.005307   -0.014494
     0.007145   -0.016343
     0.009304   -0.018043
     0.011774   -0.019609
     0.014538   -0.021095
     0.017613   -0.022536
     0.021032   -0.023967
     0.024845   -0.025424
     0.029119   -0.026940
     0.033936   -0.028566
     0.039397   -0.030332
     0.045627   -0.032262
     0.052765   -0.034368
     0.060955   -0.036655
     0.070309   -0.039120
     0.080871   -0.041719
     0.092617   -0.044366
     0.105511   -0.046979
     0.119478   -0.049530
     0.134351   -0.052005
     0.149855   -0.054367
     0.165740   -0.056553
     0.181858   -0.058520
     0.198132   -0.060247
     0.214519   -0.061726
     0.231002   -0.062955
     0.247569   -0.063937
     0.264199   -0.064675
     0.280881   -0.065171
     0.297584   -0.065429
     0.314286   -0.065443
     0.330989   -0.065208
     0.347705   -0.064725
     0.364442   -0.063995
     0.381198   -0.063025
     0.397956   -0.061824
     0.414672   -0.060397
     0.431296   -0.058750
     0.447774   -0.056876
     0.464107   -0.054746
     0.480367   -0.052344
     0.496576   -0.049641
     0.513007   -0.046568
     0.529840   -0.043170
     0.547109   -0.039492
     0.564805   -0.035588
     0.582846   -0.031520
     0.601096   -0.027363
     0.619292   -0.023224
     0.637184   -0.019211
     0.654699   -0.015403
     0.671860   -0.011844
     0.688717   -0.008558
     0.705342   -0.005553
     0.721777   -0.002836
     0.738078   -0.000413
     0.754290    0.001719
     0.770446    0.003560
     0.786560    0.005117
     0.802610    0.006391
     0.818563    0.007378
     0.834377    0.008064
     0.850059    0.008428
     0.865662    0.008445
     0.881309    0.008109
     0.897070    0.007476
     0.912740    0.006628
     0.928017    0.005542
     0.942866    0.004151
     0.957260    0.002599
     0.970617    0.001006
     0.982721   -0.000509
     0.993440   -0.001581
     1.000000   -0.001957
