     1.000000    0.000000
     0.993982    0.001411
     0.983882    0.003248
     0.972211    0.005015
     0.958906    0.006863
     0.944218    0.008822
     0.928574    0.010858
     0.912368    0.012926
     0.895863    0.014991
     0.879206    0.017035
     0.862472    0.019050
     0.845696    0.021030
     0.828898    0.022975
     0.812086    0.024883
     0.795264    0.026754
     0.778437    0.028589
     0.761606    0.030386
     0.744772    0.032145
     0.727938    0.033867
     0.711103    0.035550
     0.694271    0.037194
     0.677441    0.038798
     0.660615    0.040361
     0.643795    0.041881
     0.626981    0.043358
     0.610177    0.044789
     0.593381    0.046174
     0.576598    0.047510
     0.559826    0.048795
     0.543070    0.050028
     0.526330    0.051205
     0.509607    0.052324
     0.492905    0.053383
     0.476224    0.054377
     0.459567    0.055305
     0.442937    0.056163
     0.426335    0.056946
     0.409766    0.057652
     0.393230    0.058275
     0.376733    0.058812
     0.360278    0.059257
     0.343868    0.059605
     0.327509    0.059851
     0.311206    0.059988
     0.294965    0.060012
     0.278794    0.059914
     0.262701    0.059688
     0.246696    0.059326
     0.230792    0.058819
     0.215003    0.058160
     0.199351    0.057338
     0.183858    0.056344
     0.168561    0.055168
     0.153503    0.053802
     0.138749    0.052238
     0.124386    0.050473
     0.110533    0.048513
     0.097342    0.046373
     0.084988    0.044085
     0.073644    0.041697
     0.063435    0.039265
     0.054410    0.036842
     0.046532    0.034469
     0.039702    0.032172
     0.033791    0.029957
     0.028666    0.027824
     0.024205    0.025764
     0.020307    0.023765
     0.016887    0.021813
     0.013879    0.019897
     0.011232    0.018004
     0.008906    0.016122
     0.006875    0.014241
     0.005119    0.012353
     0.003628    0.010453
     0.002397    0.008540
     0.001425    0.006616
     0.000710    0.004692
     0.000248    0.002785
     0.000026    0.000913
     0.000026   -0.000913
     0.000248   -0.002785
     0.000710   -0.004692
     0.001425   -0.006616
     0.002397   -0.008540
     0.003628   -0.010453
     0.005119   -0.012353
     0.006875   -0.014241
     0.008906   -0.016122
     0.011232   -0.018004
     0.013879   -0.019897
     0.016887   -0.021813
     0.020307   -0.023765
     0.024205   -0.025764
     0.028666   -0.027824
     0.033791   -0.029957
     0.039702   -0.032172
     0.046532   -0.034469
     0.054410   -0.036842
     0.063435   -0.039265
     0.073644   -0.041697
     0.084988   -0.044085
     0.097342   -0.046373
     0.110533   -0.048513
     0.124386   -0.050473
     0.138749   -0.052238
     0.153503   -0.053802
     0.168560   -0.055168
     0.183858   -0.056344
     0.199350   -0.057338
     0.215003   -0.058160
     0.230791   -0.058819
     0.246695   -0.059326
     0.262700   -0.059688
     0.278794   -0.059914
     0.294965   -0.060012
     0.311206   -0.059988
     0.327508   -0.059851
     0.343867   -0.059605
     0.360277   -0.059257
     0.376733   -0.058812
     0.393230   -0.058275
     0.409765   -0.057652
     0.426335   -0.056946
     0.442936   -0.056163
     0.459567   -0.055305
     0.476223   -0.054377
     0.492904   -0.053383
     0.509607   -0.052324
     0.526329   -0.051205
     0.543069   -0.050028
     0.559826   -0.048795
     0.576597   -0.047510
     0.593381   -0.046174
     0.610176   -0.044789
     0.626981   -0.043358
     0.643794   -0.041881
     0.660614   -0.040361
     0.677440   -0.038798
     0.694270   -0.037194
     0.711103   -0.035550
     0.727937   -0.033867
     0.744772   -0.032145
     0.761606   -0.030386
     0.778437   -0.028589
     0.795264   -0.026754
     0.812085   -0.024883
     0.828897   -0.022975
     0.845695   -0.021030
     0.862471   -0.019050
     0.879206   -0.017035
     0.895863   -0.014991
     0.912368   -0.012926
     0.928574   -0.010858
     0.944217   -0.008822
     0.958906   -0.006863
     0.972211   -0.005015
     0.983881   -0.003248
     0.993982   -0.001411
     1.000000    0.000000
